BLUE
< 0.114322006986  0.00317561130518  0.225150841537  0.268021594157  0.163861543347  0.0612892981899  0.0441409971419  0.0250873293109  0.00889171165449  0.000952683391553  0.000635122261035  0.0841536995872 >
< 0.243886948238  0.00317561130518  0.175611305176  0.232772308669  0.120673229597  0.0752619879327  0.0568434423627  0.0485868529692  0.0155604953954  0.00190536678311  0.00317561130518  0.0222292791362 >
< 0.225468402668  0.00349317243569  0.150523975865  0.222927913623  0.115592251508  0.0616068593204  0.0651000317561  0.0609717370594  0.0158780565259  0.00222292791362  0.00158780565259  0.0743093045411 >
< 0.231819625278  0.00762146713242  0.125436646554  0.219434741188  0.0825658939346  0.063829787234  0.0727214988885  0.0606541759289  0.0165131787869  0.00254048904414  0.00158780565259  0.114957129247 >
< 0.252143537631  0.00666878374087  0.160368370911  0.241664020324  0.0873293108923  0.0517624642744  0.063194664973  0.0441409971419  0.0250873293109  0.00254048904414  0.000317561130518  0.0644649094951 >
< 0.223245474754  0.0053985392188  0.142267386472  0.209272785011  0.105112734201  0.0685932041918  0.0733566211496  0.0482692918387  0.026357573833  0.00317561130518  0.00222292791362  0.0924102889806 >
< 0.251190854239  0.00349317243569  0.107335662115  0.194664973007  0.0701810098444  0.0460463639251  0.0555731978406  0.0647824706256  0.0120673229597  0.00127024452207  0.000635122261035  0.192442045094 >
< 0.275643061289  0.00190536678311  0.0981263893299  0.225150841537  0.100031756113  0.0606541759289  0.0657351540171  0.0654175928866  0.0158780565259  0.00127024452207  0.00158780565259  0.0882819942839 >
< 0.303270879644  0.00349317243569  0.157510320737  0.225468402668  0.118767862814  0.0663702762782  0.0501746586218  0.0419180692283  0.00889171165449  0.00127024452207  0.00158780565259  0.0209590346142 >
< 0.130835185773  0.00571610034932  0.180374722134  0.267386471896  0.166402032391  0.0511273420133  0.0374722134011  0.035566846618  0.00952683391553  0.00190536678311  0.000952683391553  0.112416640203 >
< 0.258494760241  0.0139726897428  0.214036201969  0.176881549698  0.121625912988  0.0663702762782  0.0530327087964  0.0517624642744  0.0215941568752  0.00793902826294  0.0107970784376  0.00317561130518 >
< 0.186090822483  0.0152429342648  0.227691330581  0.139726897428  0.0720863766275  0.10416005081  0.0936805335027  0.080978088282  0.0530327087964  0.00508097808828  0.0196887900921  0.00222292791362 >
< 0.179104477612  0.0444585582725  0.126706891077  0.127342013338  0.0720863766275  0.0822483328041  0.0819307716735  0.142902508733  0.0949507780248  0.0190536678311  0.01841854557  0.0104795173071 >
< 0.177516671959  0.0828834550651  0.108923467768  0.157510320737  0.0695458875834  0.063194664973  0.0787551603684  0.117497618292  0.0949507780248  0.0165131787869  0.00920927278501  0.0231819625278 >
< 0.142584947602  0.0288980628771  0.2330898698  0.14099714195  0.0733566211496  0.0730390600191  0.0863766275008  0.126706891077  0.053985392188  0.0193712289616  0.0181009844395  0.00317561130518 >
< 0.184503016831  0.0435058748809  0.194664973007  0.130835185773  0.0603366147983  0.0752619879327  0.103842489679  0.114004445856  0.0609717370594  0.0146078120038  0.0142902508733  0.00285805017466 >
< 0.214036201969  0.104795173071  0.102254684027  0.150841536996  0.0651000317561  0.063194664973  0.0758971101937  0.115592251508  0.0774849158463  0.0107970784376  0.00698634487139  0.0127024452207 >
< 0.184820577961  0.0473166084471  0.114004445856  0.149888853604  0.0755795490632  0.0774849158463  0.0949507780248  0.112734201334  0.0959034614163  0.0155604953954  0.0142902508733  0.017148301048 >
< 0.154652270562  0.0250873293109  0.215624007621  0.174023499524  0.0832010161956  0.0974912670689  0.0851063829787  0.0701810098444  0.0660527151477  0.00889171165449  0.0161956176564  0.00317561130518 >
< 0.295966973642  0.0193712289616  0.18386789457  0.152111781518  0.103524928549  0.0736741822801  0.0568434423627  0.0635122261035  0.0282629406161  0.00412829469673  0.00793902826294  0.0104795173071 >
< 0.0984439504605  0.00285805017466  0.264528421721  0.0657351540171  0.113369323595  0.109558590029  0.142584947602  0.0860590663703  0.0609717370594  0.035566846618  0.0193712289616  0.000635122261035 >
< 0.11686249603  0.00476341695776  0.261352810416  0.0514449031439  0.0774849158463  0.125754207685  0.150206414735  0.0828834550651  0.0663702762782  0.0292156240076  0.0330263575738  0.000317561130518 >
< 0.0927278501111  0.0549380755795  0.147983486821  0.105430295332  0.0587488091458  0.0930454112417  0.0936805335027  0.0736741822801  0.146395681169  0.0517624642744  0.0755795490632  0.00571610034932 >
< 0.0797078437599  0.11019371229  0.211178151794  0.109876151159  0.0574785646237  0.0708161321054  0.0771673547158  0.0746268656716  0.0962210225468  0.0517624642744  0.0587488091458  0.00190536678311 >
< 0.0828834550651  0.00889171165449  0.301047951731  0.0412829469673  0.0787551603684  0.11019371229  0.108288345507  0.112099079073  0.0492219752302  0.062559542712  0.0441409971419  0.000317561130518 >
< 0.0819307716735  0.0215941568752  0.265163543982  0.0425531914894  0.062559542712  0.106382978723  0.147983486821  0.0974912670689  0.0571610034932  0.090187361067  0.026357573833  0.000317561130518 >
< 0.0844712607177  0.130517624643  0.17783423309  0.106700539854  0.0609717370594  0.0832010161956  0.0666878374087  0.0609717370594  0.0841536995872  0.0949507780248  0.0479517307082  0.00127024452207 >
< 0.105747856462  0.0600190536678  0.192759606224  0.127659574468  0.0476341695776  0.071768815497  0.0905049221975  0.0708161321054  0.12289615751  0.0523975865354  0.0555731978406  0.00190536678311 >
< 0.127342013338  0.00603366147983  0.232772308669  0.063194664973  0.0905049221975  0.0997141949825  0.120355668466  0.0911400444586  0.109558590029  0.0323912353128  0.026357573833  0.000317561130518 >
< 0.113051762464  0.00254048904414  0.213083518577  0.0714512543665  0.124801524293  0.141949825341  0.136551286123  0.0851063829787  0.0438234360114  0.0273102572245  0.0292156240076  0.0107970784376 >
< 0.115592251508  0.000317561130518  0.31883137504  0.0222292791362  0.155287392823  0.174341060654  0.15338202604  0.0352492854875  0.0120673229597  0.00730390600191  0.00254048904414  0.00254048904414 >
< 0.0714512543665  0.000952683391553  0.33153382026  0.0101619561766  0.161321054303  0.209907907272  0.131470308034  0.0527151476659  0.0155604953954  0.0101619561766  0.00412829469673  0.000317561130518 >
< 0.0825658939346  0.0241346459193  0.17783423309  0.101937122896  0.0720863766275  0.0920927278501  0.127342013338  0.120673229597  0.0679580819308  0.0479517307082  0.0812956494125  0.00381073356621 >
< 0.053985392188  0.0457288027945  0.167354715783  0.063829787234  0.0746268656716  0.11686249603  0.127024452207  0.0847888218482  0.0514449031439  0.114004445856  0.0981263893299  0.00190536678311 >
< 0.0549380755795  0.000317561130518  0.288663067641  0.0107970784376  0.184503016831  0.195935217529  0.178786916481  0.0622419815815  0.0130200063512  0.00317561130518  0.00730390600191  0.0 >
< 0.0543029533185  0.000635122261035  0.294061606859  0.0111146395681  0.148301047952  0.22705620832  0.192759606224  0.045411241664  0.0107970784376  0.00349317243569  0.0114322006986  0.000317561130518 >
< 0.0689107653223  0.0346141632264  0.168942521435  0.0657351540171  0.0711336932359  0.102254684027  0.136868847253  0.0695458875834  0.0530327087964  0.0911400444586  0.135598602731  0.00190536678311 >
< 0.0673229596697  0.0196887900921  0.155287392823  0.0857415052398  0.0914576055891  0.102254684027  0.133058113687  0.108923467768  0.101302000635  0.0416005080978  0.0844712607177  0.00857415052398 >
< 0.0857415052398  0.000635122261035  0.285487456335  0.0142902508733  0.157510320737  0.211495712925  0.164814226739  0.0527151476659  0.0174658621785  0.00508097808828  0.00381073356621  0.000635122261035 >
< 0.130517624643  0.000635122261035  0.298189901556  0.0203239123531  0.183232772309  0.17148301048  0.124483963163  0.0406478247063  0.0181009844395  0.00666878374087  0.00444585582725  0.000952683391553 >


